750
122
56
268
276
282
308
646
317
642
639
626
333
43
602
748
859
569
42
420
448
477
493
505
220
649
948
33
734
989
17
16
14
766
210
722
135
141
506
694
691
780
192
194
971
959
784
678
738
655
515
556
575
592
647
730
531
621
351
431
74
107
110
112
132
164
170
176
205
230
235
441
258
316
323
325
326
334
340
354
357
374
379
397
293
741
538
747
966
976
829
843
848
253 54
955
854
914
938
322 945
772
764
767
486
489
491
842
184
312
519
520
315
826
893
823
540
916 398
186
453
342
298
869
356
742
917
377
378
380
239
412
425
822
209
874
303
332
346
174
895
790
983
652
84 523
702
496 512
75
692
667
778
77
672
690
785
658
180 79
713
680
574
257 0
807
809
611
819
121
791
733
45
136
1
24
274
309
908
29
798 783
62
283
63
222
997
427 190
975
7
177
152 587
568 578
696 104
902 221
193
100
264 466
212
213
207 985
933
240
931
925
140
999 449
319
440
849
446
839
514
827
536
560
565
591
439
593
640
804
787
656
682
693
776
724
727
990 2
811
850
473
898 782
851
901 897
875
946 659
935
597
362
604
605
358
284
978
786
669
596
299
687
73
328
719
886
311
60
754
865
279
815
278
229
225
421
430
233
406
400
442
203
255
232
460
483
852
178
396
267
526
369
142
922
821
906
863
261
892 418
85 66
53 403
324 363
980 306
224 37
598 600
883 685
603 97
445 558
750 749
39
940 68
699 564
909 762
708
707
718
743
223 46
82 215
998
812
820
671
347
831
844
57 246
663
245
610
352
361
391
393
435
436
502
6 290
272
516
41
533
554
251
845
570
584
650
64 673
189
476 237
944
191 542
417 618
3
635 69
120
752 86
921
548 419
970
888
185 552
878
111
159
683 904
870
117 941
987
310 634
25
395 527
532
295 586
530
936
507
499
500
549
643 12
463
462
456
951
986
389
992
589 291
974 979
613
18 879
788 968
384 828
608 607
498 773
884 700
781 487
119 206
58 131
896
900
905
736
712
907
688
399 175
641
627
614
860
594
926
305
48
9
167
202
208
292
106
21
98
265
70
35
313
451
450
148
803
792
302
899
433
139
4
429
423
5
411
629
644
887
457
281
880
830
630 637
910 432
269 981
335 961
509
539
660 666
541
668 676
504
551
855
864
485
166
479
484 636
467
923
102 47
616
777
34
92
55 919
90
648
348
296
757
89
756
704
963
755
81
972
729
23
679
360
349
677
228
11
563 36
370
103
632 631
768
364
793 824
254
706
216
366 709
654
601 61
116 280
187
606
789 71
359 143
529 577
555
698 717
59 816
623
559
799
211
248 158
775
561
161 214
247
535 510
576
65 478
739
201
218 871
720 731
300
924
149
13
329
889
40 697
145
964
913
468
87
404
950
942
939
367
287
387
381
954
320
19
275
50
277
38
301
867
868 928
480
181
877
508
633 806
746
343 337
994
503 501
771
745
882 390
168 769
918 580
294
761
22
834 123
728
725
128 331
723
732
934 599
465 651
78
710 428
217
314
219
962
28
83
969
260
27 8
890
109
588
197
472
196
154
32 862
241
567
488
557
497
179
550
546
426 336
10 751
802
125
286
338 96
836
416
638
645
127
779
911 385
113
95 657
373 920
996 492
172 163
927 759
930 585
628 271
590 957
622 547
153 26
30 853
146 534
958 965
375 949
545 464
350 165
226 684
459 199
579 238
689 124
967 353
365 355
947 953
711 595
571 156
715 876
15 263
758 753
198 838
126 288
810 818
227 382
973 943
252 173
20 249
805 474
434 273
115 662
105 31
937 80
144 297
52 410
67 993
609 737
234 582
266 250
160 495
76 171
517 774
573 664
93 841
44 200
794 801
414 443
858 307
494 49
134 321
244 405
952 866
695 151
566 624
150 686
528 681
157 562
129 188
327 956
371 147
525 182
424 72
437 763
330 231
304 444
891 903
407 345
99 716
674 537
760 915
825 625
386 101
388 572
977 800
490 518
857 653
929 155
285 612
259 583
482 270
372 108
422 368
51 169
726 133
721 94
833 835
675 984
872 705
344 521
932 376
236 383
544 765
138 770
130 137
318 881
447 242
455 808
401 402
452 454
912 394
840 461
988 832
162 471
701 703
817 856
183 795
885 714
670 413
617 243
873 415
475 256
620 195
392 581
846 740
615 118
438 513
458 735
88 91
341 511
813 982
960 665
991 522
524 481
469 543
796 797
204 553
814 470
289 661
339 894
114 619
995 262
409 408
744 837
847 861
